Position Data For Level 1 - DO NOT MODIFY THIS FILE!
1820
894
1050
2965
1308
1960
4989
1158
420
5520
1255
1610
7228
1432
490
7806
1590
700
8621
2011
1400
10137
2358
700
10940
2453
1120
12131
2288
1890
2965
984
1960
-999
-999
-999
-999
-999
-999
-999
-999
-999
-999
-999
-999
-999
-999
-999
-999
-999
-999
-999
-999
-999
-999
-999
-999
-999
-999
-999
-999
-999
-999
-999
-999
-999
-999
-999
-999
-999
-999
-999
-999
-999
-999
14075
2288
770
350
6921.0
1066.0
0
8243.0
1401.0
0
12325.0
2099.0
0
9856.0
1822.0
1
11111.0
2264.0
1
10346.0
2169.0
0
7568.0
1243.0
1
14285
2449.0
1
5273.0
969.0
0
2404
705.0
0
-999
-999
-999
-999
-999
-999
-999
-999
-999
-999
-999
-999
-999
-999
-999
-999
-999
-999
-999
-999
-999
-999
-999
-999
-999
-999
-999
-999
-999
-999
-999
-999
-999
-999
-999
-999
-999
-999
-999
-999
-999
-999
-999
-999
-999
2965
984
1960
13921
2288
1
1
8627
