Position Data For Level 4 - DO NOT MODIFY THIS FILE!
1820
1025
980
2974
1371
1750
4899
1198
1890
6909
1002
1330
8399
1319
1330
9841
1145
560
10509
983
1260
11896
823
840
12919
650
1120
14174
1018
1050
15387
1194
1890
17396
994
630
18199
1294
840
19186
1118
1680
21001
1364
840
22018
1710
1190
23384
1555
1050
24627
1374
840
25595
1195
1680
27437
1592
910
28551
1901
770
29456
2072
840
30469
1874
840
31483
1687
840
32455
1878
1540
-999
-999
-999
-999
10135.0
956.0
0
19756.0
929.0
0
4529.0
1182.0
0
33303.0
1689.0
0
26371.0
1006.0
1
29853.0
1883.0
0
9058.0
1130.0
0
10845.0
794.0
0
28699.0
1712.0
1
18496.0
1105.0
0
28184.0
1403.0
0
25153.0
1185.0
1
32211.0
1498.0
0
17508.0
805.0
1
13183.0
461.0
0
23857.0
1366.0
0
2109
836.0
0
12175.0
634.0
0
17047.0
1005.0
1
30943.0
1685.0
1
14841.0
829.0
1
21360.0
1175.0
1
22790.0
1521.0
1
7537.0
813.0
0
-999
-999
-999
4899
874
1890
33895
1878
0
1
234216