Position Data For Level 3 - DO NOT MODIFY THIS FILE!
1820
987
980
2915
806
700
3786
614
420
4417
996
1610
6221
792
1750
8161
1101
1190
9503
1337
1820
11516
1521
1960
13629
1352
840
14668
1680
1750
16526
1481
1540
18173
1608
770
19128
1450
910
20219
1272
1330
21704
1086
490
22408
885
1050
23549
1180
910
24666
987
1680
26508
1162
1540
28246
1497
770
-999
-999
-999
-999
-999
-999
-999
-999
-999
-999
-999
-999
-999
-999
-999
-999
-999
-999
-999
23743.0
991.0
0
2993.0
617.0
0
8292.0
912.0
0
28875.0
1308.0
0
19389.0
1261.0
0
7329.0
603.0
0
13771.0
1163.0
1
16983.0
1292.0
1
25237.0
798.0
1
21898.0
897.0
0
27727.0
973.0
0
23164.0
696.0
0
21200.0
1083.0
0
5558.0
807.0
1
15385.0
1491.0
0
10520.0
1148.0
0
4127.0
425.0
1
18307.0
1419.0
0
2184
798.0
0
-999
-999
-999
-999
-999
-999
-999
-999
-999
-999
-999
-999
-999
-999
-999
-999
-999
-999
-999
-999
-999
28916
1497
0
1
152852