Position Data For Level 1 - DO NOT MODIFY THIS FILE!
1266
589
1400
2770
817
910
3754
682
1120
4990
980
1190
6261
1130
1540
7865
970
1470
9433
1191
1260
10811
1300
1190
12087
1151
490
12690
1343
770
6261
806
1540
-999
-999
-999
-999
-999
-999
-999
-999
-999
-999
-999
-999
-999
-999
-999
-999
-999
-999
-999
-999
-999
-999
-999
-999
-999
-999
-999
-999
-999
-999
-999
-999
-999
-999
-999
-999
-999
-999
-999
-999
-999
-999
13514
1343
700
350
3878.0
493.0
0
13257.0
1154.0
0
1738
400.0
0
8188.0
781.0
0
13724
1504.0
1
12196.0
962.0
0
9890.0
1002.0
0
3552.0
628.0
0
5904.0
791.0
1
11486.0
1111.0
0
-999
-999
-999
-999
-999
-999
-999
-999
-999
-999
-999
-999
-999
-999
-999
-999
-999
-999
-999
-999
-999
-999
-999
-999
-999
-999
-999
-999
-999
-999
-999
-999
-999
-999
-999
-999
-999
-999
-999
-999
-999
-999
-999
-999
-999
6261
806
1540
13360
1343
1
1
16064