Position Data For Level 2 - DO NOT MODIFY THIS FILE!
1266
627
1470
2916
463
1050
4094
611
560
4814
432
1260
6232
235
1680
8022
73
1330
9464
180
910
10570
16
1190
11923
-174
910
13037
-336
700
13900
-172
980
15016
-339
1260
16457
-544
1400
17966
-713
840
18980
-912
490
-999
-999
-999
-999
-999
-999
-999
-999
-999
-999
-999
-999
-999
-999
-999
-999
-999
-999
-999
-999
-999
-999
-999
-999
-999
-999
-999
-999
-999
-999
-999
-999
-999
-999
18261.0
-902.0
0
4467.0
422.0
1
9947.0
-9.0
0
3440.0
274.0
1
17475.0
-733.0
0
13315.0
-525.0
0
12617.0
-363.0
0
11360.0
-173.0
0
5287.0
243.0
0
16001.0
-528.0
0
1465
438.0
0
8399.0
-116.0
0
14110.0
-361.0
0
19312.0
-1101.0
1
-999
-999
-999
-999
-999
-999
-999
-999
-999
-999
-999
-999
-999
-999
-999
-999
-999
-999
-999
-999
-999
-999
-999
-999
-999
-999
-999
-999
-999
-999
-999
-999
-999
-999
-999
-999
19370
-912
1
1
65418